(0,0) + 1
(0,1) + 3
(0,12) + 4
(0,27) + 5
(0,46) + 6
(1,0) + 0
(1,1) + 2
(1,6) + 3
(1,10) + 4
(1,21) + 5
(1,46) + 6
(2,0) + 1
(2,1) + 2
(2,3) + 3
(2,12) + 4
(2,26) + 5
(2,42) + 6
(3,0) + 2
(3,5) + 3
(3,6) + 4
(3,33) + 6
(4,0) + 3
(4,5) + 4
(4,21) + 5
(4,34) + 6
(5,0) + 2
(5,1) + 3
(5,4) + 4
(5,17) + 5
(5,32) + 6
(6,0) + 2
(6,2) + 3
(6,3) + 4
(6,16) + 5
(6,34) + 6
(7,0) + 3
(7,11) + 4
(7,18) + 5
(7,24) + 6
(7,47) + 7
(8,0) + 2
(8,4) + 3
(8,6) + 4
(8,12) + 5
(8,23) + 6
(8,49) + 7
(9,0) + 4
(9,10) + 5
(9,21) + 6
(9,39) + 7
(10,0) + 2
(10,4) + 4
(10,18) + 5
(10,22) + 6
(10,34) + 7
(11,0) + 4
(11,11) + 5
(11,23) + 6
(11,35) + 7
(12,0) + 4
(12,9) + 5
(12,18) + 6
(12,32) + 7
(13,0) + 3
(13,6) + 4
(13,12) + 5
(13,18) + 6
(13,41) + 7
(14,0) + 1
(14,1) + 3
(14,6) + 5
(14,17) + 6
(14,28) + 7
(14,48) + 8
(15,0) + 1
(15,3) + 3
(15,8) + 5
(15,17) + 6
(15,32) + 7
(15,51) + 8
(16,0) + 2
(16,1) + 3
(16,4) + 4
(16,7) + 5
(16,16) + 6
(16,31) + 7
(16,38) + 8
(17,0) + 3
(17,1) + 4
(17,6) + 5
(17,20) + 6
(17,28) + 7
(17,36) + 8
(18,0) + 4
(18,2) + 5
(18,22) + 6
(18,25) + 7
(18,38) + 8
(19,0) + 3
(19,3) + 4
(19,20) + 6
(19,23) + 7
(19,42) + 8
(20,0) + 2
(20,1) + 3
(20,10) + 4
(20,12) + 5
(20,15) + 6
(20,31) + 8
(21,0) + 3
(21,2) + 5
(21,20) + 6
(21,21) + 7
(21,32) + 8
(22,0) + 4
(22,3) + 5
(22,12) + 6
(22,18) + 7
(22,43) + 8
(22,52) + 9
(23,0) + 2
(23,1) + 3
(23,4) + 4
(23,10) + 6
(23,17) + 7
(23,31) + 8
(23,56) + 9
(24,0) + 5
(24,22) + 6
(24,30) + 7
(24,34) + 8
(24,39) + 9
(25,0) + 5
(25,12) + 6
(25,27) + 7
(25,29) + 8
(25,37) + 9
(26,0) + 4
(26,1) + 5
(26,7) + 6
(26,20) + 7
(26,28) + 8
(26,45) + 9
(27,0) + 0
(27,1) + 4
(27,6) + 6
(27,19) + 7
(27,23) + 8
(27,40) + 9
(28,0) + 4
(28,6) + 6
(28,25) + 8
(28,42) + 9
(29,0) + 0
(29,1) + 3
(29,3) + 5
(29,5) + 6
(29,29) + 7
(29,31) + 9
(30,0) + 3
(30,4) + 6
(30,19) + 7
(30,20) + 8
(30,32) + 9
(31,0) + 5
(31,9) + 6
(31,13) + 7
(31,24) + 8
(31,45) + 9
(32,0) + 2
(32,1) + 4
(32,6) + 5
(32,10) + 6
(32,14) + 7
(32,20) + 8
(32,38) + 9
(33,0) + 1
(33,4) + 5
(33,14) + 6
(33,15) + 7
(33,20) + 8
(33,35) + 9
(34,0) + 0
(34,1) + 1
(34,2) + 4
(34,5) + 5
(34,10) + 6
(34,26) + 9
(35,0) + 1
(35,2) + 2
(35,3) + 6
(35,23) + 7
(35,26) + 9
(36,0) + 4
(36,1) + 5
(36,6) + 6
(36,10) + 7
(36,25) + 8
(36,33) + 9
(37,0) + 0
(37,1) + 5
(37,9) + 7
(37,25) + 9
(38,0) + 5
(38,3) + 6
(38,18) + 7
(38,19) + 8
(38,26) + 9
(39,0) + 5
(39,3) + 6
(39,17) + 8
(39,33) + 9
(40,0) + 0
(40,1) + 4
(40,4) + 5
(40,8) + 6
(40,13) + 7
(40,21) + 8
(40,33) + 9
(41,0) + 2
(41,1) + 6
(41,16) + 8
(41,29) + 9
(42,0) + 0
(42,1) + 6
(42,8) + 7
(42,19) + 8
(42,36) + 9
(43,0) + 2
(43,1) + 5
(43,10) + 7
(43,18) + 8
(43,28) + 9
(44,0) + 5
(44,10) + 7
(44,15) + 8
(44,26) + 9
(45,0) + 6
(45,8) + 7
(45,22) + 9
(46,0) + 4
(46,5) + 6
(46,7) + 7
(46,20) + 8
(46,29) + 9
(47,0) + 6
(47,15) + 8
(47,26) + 9
(48,0) + 5
(48,12) + 7
(48,31) + 9
(49,0) + 2
(49,1) + 4
(49,3) + 5
(49,11) + 6
(49,13) + 7
(49,16) + 8
(49,37) + 9
(50,0) + 0
(50,1) + 2
(50,2) + 4
(50,8) + 7
(50,22) + 8
(50,24) + 9
(51,0) + 6
(51,12) + 7
(51,15) + 8
(51,22) + 9
(52,0) + 4
(52,1) + 5
(52,3) + 6
(52,9) + 7
(52,17) + 8
(52,23) + 9
(53,0) + 0
(53,1) + 6
(53,15) + 7
(53,23) + 9
(54,0) + 0
(54,2) + 2
(54,5) + 5
(54,7) + 7
(54,25) + 8
(54,31) + 9
(55,0) + 2
(55,1) + 4
(55,12) + 5
(55,16) + 6
(55,17) + 7
(55,21) + 8
(55,37) + 9
(56,0) + 6
(56,14) + 7
(56,17) + 8
(56,27) + 9
(57,0) + 1
(57,1) + 6
(57,15) + 7
(57,16) + 8
(57,24) + 9
(58,0) + 0
(58,1) + 5
(58,8) + 6
(58,9) + 7
(58,20) + 8
(58,31) + 9
(59,0) + 2
(59,1) + 4
(59,3) + 5
(59,5) + 6
(59,12) + 7
(59,17) + 8
(59,34) + 9
(60,0) + 4
(60,1) + 6
(60,18) + 8
(60,29) + 9
(61,0) + 3
(61,5) + 5
(61,9) + 7
(61,16) + 8
(61,26) + 9
(62,0) + 5
(62,4) + 6
(62,13) + 7
(62,25) + 8
(62,38) + 9
(63,0) + 4
(63,2) + 5
(63,12) + 7
(63,34) + 8
(63,36) + 9
(64,0) + 1
(64,6) + 2
(64,7) + 5
(64,8) + 6
(64,12) + 7
(64,20) + 8
(64,28) + 9
(65,0) + 5
(65,5) + 6
(65,20) + 7
(65,28) + 8
(65,43) + 9
(66,0) + 4
(66,4) + 5
(66,13) + 6
(66,15) + 7
(66,26) + 9
(67,0) + 0
(67,1) + 2
(67,2) + 5
(67,3) + 6
(67,11) + 7
(67,23) + 8
(67,36) + 9
(68,0) + 2
(68,2) + 3
(68,4) + 5
(68,23) + 8
(68,42) + 9
(69,0) + 4
(69,1) + 5
(69,13) + 7
(69,22) + 8
(69,34) + 9
(70,0) + 1
(70,1) + 2
(70,2) + 5
(70,18) + 7
(70,28) + 8
(70,33) + 9
(71,0) + 5
(71,7) + 6
(71,13) + 7
(71,23) + 8
(71,36) + 9
(72,0) + 5
(72,5) + 6
(72,18) + 7
(72,24) + 8
(72,36) + 9
(73,0) + 2
(73,1) + 4
(73,6) + 6
(73,19) + 7
(73,25) + 8
(73,37) + 9
(74,0) + 4
(74,11) + 6
(74,20) + 7
(74,33) + 8
(74,38) + 9
(75,0) + 2
(75,1) + 5
(75,8) + 6
(75,23) + 7
(75,26) + 8
(75,43) + 9
(76,0) + 4
(76,1) + 5
(76,19) + 7
(76,26) + 8
(76,42) + 9
(77,0) + 1
(77,2) + 2
(77,3) + 5
(77,11) + 6
(77,26) + 7
(77,36) + 8
(77,42) + 9
(78,0) + 4
(78,7) + 5
(78,14) + 6
(78,19) + 7
(78,46) + 8
(78,53) + 9
(79,0) + 0
(79,1) + 2
(79,2) + 3
(79,9) + 4
(79,10) + 5
(79,15) + 6
(79,33) + 8
(80,0) + 4
(80,8) + 5
(80,10) + 6
(80,23) + 7
(80,31) + 8
(81,0) + 3
(81,7) + 4
(81,13) + 6
(81,24) + 7
(81,32) + 8
(82,0) + 4
(82,6) + 5
(82,14) + 6
(82,33) + 7
(82,37) + 8
(83,0) + 1
(83,1) + 2
(83,7) + 5
(83,16) + 6
(83,23) + 7
(83,62) + 8
(84,0) + 0
(84,1) + 4
(84,7) + 5
(84,14) + 6
(84,27) + 7
(84,40) + 8
(85,0) + 0
(85,3) + 4
(85,7) + 5
(85,15) + 6
(85,32) + 7
(86,0) + 1
(86,1) + 3
(86,3) + 4
(86,7) + 5
(86,16) + 6
(86,31) + 7
(87,0) + 0
(87,1) + 3
(87,2) + 4
(87,18) + 6
(87,37) + 7
(88,0) + 2
(88,1) + 3
(88,2) + 4
(88,8) + 5
(88,17) + 6
(88,32) + 7
(89,0) + 2
(89,4) + 4
(89,10) + 5
(89,26) + 6
(89,32) + 7
(90,0) + 0
(90,1) + 3
(90,3) + 4
(90,15) + 5
(90,20) + 6
(90,35) + 7
(91,0) + 1
(91,4) + 4
(91,13) + 5
(91,37) + 7
(92,0) + 3
(92,3) + 4
(92,23) + 5
(92,28) + 6
(92,51) + 7
(93,0) + 2
(93,2) + 3
(93,3) + 4
(93,15) + 5
(93,30) + 6
(93,47) + 7
(94,0) + 2
(94,7) + 4
(94,26) + 5
(94,38) + 6
(95,0) + 1
(95,1) + 2
(95,4) + 3
(95,10) + 4
(95,14) + 5
(95,29) + 6
(96,0) + 2
(96,6) + 3
(96,9) + 4
(96,22) + 5
(96,31) + 6
(97,0) + 2
(97,1) + 3
(97,8) + 4
(97,17) + 5
(97,33) + 6
(98,0) + 1
(98,2) + 3
(98,7) + 4
(98,21) + 5
(98,54) + 6
(99,99) + 2
(99,97) + 3
(99,86) + 4
(99,76) + 5
(99,63) + 6
(98,99) + 0
(98,97) + 3
(98,90) + 4
(98,76) + 5
(98,66) + 6
(97,99) + 0
(97,98) + 2
(97,92) + 3
(97,91) + 4
(97,81) + 5
(97,60) + 6
(96,99) + 1
(96,98) + 3
(96,95) + 4
(96,81) + 5
(96,57) + 6
(95,99) + 3
(95,85) + 4
(95,73) + 6
(94,99) + 2
(94,98) + 3
(94,95) + 4
(94,84) + 5
(94,71) + 6
(94,51) + 7
(93,99) + 2
(93,98) + 4
(93,81) + 5
(93,74) + 6
(93,56) + 7
(92,99) + 0
(92,98) + 3
(92,96) + 4
(92,81) + 5
(92,78) + 6
(92,61) + 7
(91,99) + 3
(91,97) + 4
(91,85) + 5
(91,77) + 6
(91,52) + 7
(90,99) + 1
(90,95) + 3
(90,91) + 5
(90,77) + 6
(90,66) + 7
(89,99) + 3
(89,96) + 4
(89,86) + 5
(89,76) + 6
(89,65) + 7
(88,99) + 2
(88,95) + 3
(88,93) + 5
(88,81) + 6
(88,71) + 7
(87,99) + 4
(87,89) + 5
(87,81) + 6
(87,72) + 7
(86,99) + 3
(86,95) + 4
(86,94) + 5
(86,73) + 6
(86,59) + 7
(86,41) + 8
(85,99) + 1
(85,97) + 2
(85,95) + 5
(85,81) + 6
(85,70) + 7
(85,55) + 8
(84,99) + 1
(84,98) + 3
(84,96) + 4
(84,83) + 5
(84,76) + 6
(84,72) + 7
(84,50) + 8
(83,99) + 2
(83,98) + 3
(83,97) + 4
(83,84) + 6
(83,74) + 7
(83,53) + 8
(82,99) + 3
(82,97) + 4
(82,88) + 5
(82,72) + 6
(82,71) + 7
(81,99) + 2
(81,98) + 4
(81,96) + 5
(81,83) + 6
(81,80) + 7
(81,66) + 8
(80,99) + 0
(80,98) + 1
(80,97) + 3
(80,93) + 5
(80,90) + 6
(80,70) + 8
(79,99) + 5
(79,87) + 6
(79,77) + 7
(79,66) + 8
(79,54) + 9
(78,99) + 0
(78,98) + 2
(78,94) + 5
(78,89) + 6
(78,76) + 7
(78,69) + 8
(78,55) + 9
(77,99) + 1
(77,97) + 2
(77,95) + 4
(77,91) + 5
(77,83) + 6
(77,81) + 7
(77,71) + 8
(77,57) + 9
(76,99) + 2
(76,97) + 4
(76,93) + 5
(76,91) + 6
(76,75) + 7
(76,71) + 8
(76,57) + 9
(75,99) + 2
(75,98) + 4
(75,91) + 5
(75,89) + 6
(75,81) + 7
(75,73) + 8
(75,56) + 9
(74,99) + 1
(74,96) + 4
(74,95) + 5
(74,89) + 6
(74,76) + 7
(74,66) + 9
(73,99) + 4
(73,91) + 5
(73,86) + 7
(73,74) + 8
(73,56) + 9
(72,99) + 1
(72,98) + 4
(72,97) + 5
(72,91) + 6
(72,86) + 7
(72,65) + 8
(72,64) + 9
(71,99) + 3
(71,94) + 6
(71,84) + 7
(71,71) + 8
(71,55) + 9
(70,99) + 3
(70,92) + 5
(70,86) + 6
(70,80) + 7
(70,73) + 8
(70,57) + 9
(69,99) + 1
(69,98) + 4
(69,94) + 6
(69,87) + 7
(69,76) + 8
(69,68) + 9
(68,99) + 5
(68,96) + 6
(68,79) + 7
(68,65) + 9
(67,99) + 1
(67,98) + 3
(67,96) + 5
(67,88) + 6
(67,80) + 8
(67,65) + 9
(66,99) + 1
(66,98) + 3
(66,89) + 4
(66,86) + 5
(66,82) + 7
(66,79) + 8
(66,73) + 9
(65,99) + 2
(65,96) + 4
(65,93) + 5
(65,88) + 6
(65,82) + 8
(65,70) + 9
(64,99) + 3
(64,89) + 5
(64,84) + 6
(64,82) + 7
(64,76) + 8
(64,65) + 9
(63,99) + 3
(63,97) + 6
(63,85) + 7
(63,74) + 9
(62,99) + 4
(62,90) + 5
(62,89) + 7
(62,80) + 8
(62,64) + 9
(61,99) + 0
(61,98) + 1
(61,97) + 3
(61,96) + 5
(61,86) + 7
(61,82) + 8
(61,68) + 9
(60,99) + 4
(60,93) + 5
(60,88) + 7
(60,79) + 8
(60,76) + 9
(59,99) + 4
(59,90) + 7
(59,84) + 8
(59,76) + 9
(58,99) + 0
(58,98) + 4
(58,94) + 5
(58,89) + 7
(58,84) + 8
(58,72) + 9
(57,99) + 3
(57,98) + 4
(57,95) + 5
(57,94) + 6
(57,87) + 7
(57,82) + 8
(57,77) + 9
(56,99) + 5
(56,98) + 6
(56,82) + 8
(56,65) + 9
(55,99) + 6
(55,91) + 7
(55,71) + 8
(55,65) + 9
(54,99) + 2
(54,97) + 6
(54,74) + 7
(54,73) + 8
(54,70) + 9
(53,99) + 3
(53,95) + 4
(53,92) + 7
(53,81) + 8
(53,77) + 9
(52,99) + 5
(52,91) + 7
(52,85) + 8
(52,75) + 9
(51,99) + 4
(51,96) + 6
(51,91) + 7
(51,82) + 8
(51,70) + 9
(50,99) + 0
(50,98) + 3
(50,97) + 6
(50,91) + 7
(50,83) + 8
(50,73) + 9
(49,99) + 4
(49,96) + 6
(49,88) + 7
(49,85) + 8
(49,73) + 9
(48,99) + 5
(48,95) + 6
(48,92) + 7
(48,82) + 8
(48,75) + 9
(47,99) + 6
(47,79) + 7
(47,76) + 8
(47,71) + 9
(46,99) + 3
(46,95) + 5
(46,91) + 6
(46,89) + 7
(46,83) + 8
(46,73) + 9
(45,99) + 1
(45,98) + 4
(45,97) + 6
(45,84) + 7
(45,83) + 8
(45,75) + 9
(44,99) + 0
(44,98) + 1
(44,96) + 2
(44,95) + 4
(44,94) + 6
(44,81) + 8
(44,75) + 9
(43,99) + 5
(43,97) + 6
(43,84) + 7
(43,80) + 8
(43,71) + 9
(42,99) + 4
(42,92) + 5
(42,89) + 6
(42,86) + 7
(42,78) + 8
(42,75) + 9
(41,99) + 1
(41,96) + 6
(41,90) + 7
(41,76) + 8
(41,72) + 9
(40,99) + 2
(40,97) + 5
(40,95) + 6
(40,90) + 7
(40,75) + 9
(39,99) + 1
(39,97) + 2
(39,95) + 5
(39,94) + 6
(39,87) + 7
(39,83) + 8
(39,67) + 9
(38,99) + 4
(38,92) + 5
(38,82) + 8
(38,74) + 9
(37,99) + 3
(37,95) + 5
(37,94) + 6
(37,84) + 7
(37,82) + 8
(37,66) + 9
(36,99) + 0
(36,98) + 2
(36,97) + 5
(36,92) + 6
(36,88) + 7
(36,74) + 8
(36,70) + 9
(35,99) + 4
(35,97) + 5
(35,95) + 6
(35,89) + 7
(35,75) + 8
(35,47) + 9
(34,99) + 1
(34,98) + 4
(34,97) + 5
(34,96) + 6
(34,84) + 7
(34,78) + 8
(34,65) + 9
(33,99) + 4
(33,95) + 5
(33,94) + 6
(33,87) + 7
(33,78) + 8
(33,69) + 9
(32,99) + 3
(32,94) + 5
(32,85) + 7
(32,79) + 8
(32,70) + 9
(31,99) + 0
(31,97) + 3
(31,96) + 4
(31,91) + 5
(31,90) + 6
(31,82) + 7
(31,73) + 8
(31,62) + 9
(30,99) + 3
(30,97) + 5
(30,91) + 6
(30,74) + 8
(30,58) + 9
(29,99) + 2
(29,94) + 4
(29,92) + 5
(29,91) + 6
(29,85) + 7
(29,73) + 8
(29,65) + 9
(28,99) + 5
(28,89) + 6
(28,74) + 7
(28,54) + 8
(28,43) + 9
(27,99) + 2
(27,97) + 5
(27,80) + 6
(27,68) + 7
(27,65) + 9
(26,99) + 1
(26,94) + 4
(26,90) + 6
(26,81) + 7
(26,71) + 8
(26,62) + 9
(25,99) + 4
(25,92) + 6
(25,78) + 7
(25,68) + 8
(25,49) + 9
(24,99) + 4
(24,98) + 5
(24,91) + 6
(24,80) + 7
(24,72) + 8
(24,47) + 9
(23,99) + 4
(23,93) + 5
(23,90) + 6
(23,60) + 8
(23,54) + 9
(22,99) + 2
(22,98) + 5
(22,90) + 6
(22,78) + 7
(22,59) + 8
(21,99) + 1
(21,97) + 2
(21,96) + 4
(21,82) + 6
(21,73) + 7
(21,69) + 8
(20,99) + 4
(20,87) + 5
(20,76) + 6
(20,72) + 7
(20,61) + 8
(19,99) + 4
(19,93) + 5
(19,87) + 6
(19,77) + 7
(19,56) + 8
(18,99) + 4
(18,94) + 5
(18,85) + 6
(18,76) + 7
(18,60) + 8
(17,99) + 4
(17,93) + 5
(17,83) + 6
(17,59) + 7
(17,58) + 8
(16,99) + 3
(16,92) + 4
(16,88) + 5
(16,79) + 6
(16,66) + 7
(16,55) + 8
(15,99) + 3
(15,97) + 4
(15,70) + 5
(15,67) + 7
(14,99) + 3
(14,90) + 4
(14,87) + 5
(14,68) + 7
(13,99) + 4
(13,91) + 5
(13,77) + 6
(13,63) + 7
(12,99) + 1
(12,98) + 4
(12,88) + 5
(12,73) + 6
(12,62) + 7
(11,99) + 2
(11,98) + 4
(11,90) + 5
(11,76) + 6
(11,63) + 7
(10,99) + 1
(10,98) + 2
(10,94) + 3
(10,88) + 4
(10,87) + 5
(10,68) + 6
(10,62) + 7
(9,99) + 2
(9,96) + 3
(9,93) + 4
(9,84) + 5
(9,59) + 6
(9,57) + 7
(8,99) + 3
(8,94) + 4
(8,83) + 5
(8,73) + 6
(8,53) + 7
(7,99) + 2
(7,98) + 3
(7,96) + 4
(7,85) + 5
(7,72) + 6
(6,99) + 0
(6,98) + 2
(6,97) + 3
(6,95) + 4
(6,70) + 6
(5,99) + 1
(5,94) + 4
(5,69) + 6
(4,99) + 3
(4,93) + 4
(4,77) + 5
(4,64) + 6
(3,99) + 3
(3,81) + 5
(3,43) + 6
(2,99) + 3
(2,90) + 4
(2,73) + 5
(2,58) + 6
(1,99) + 1
(1,96) + 2
(1,95) + 3
(1,90) + 4
(1,75) + 5
(1,54) + 6
(0,0) + 3
(0,6) + 4
(0,18) + 5
(0,44) + 6
(1,0) + 3
(1,7) + 4
(1,16) + 5
(1,31) + 6
(2,0) + 0
(2,1) + 3
(2,11) + 4
(2,19) + 5
(2,45) + 6
(3,2) + 4
(3,18) + 5
(4,0) + 1
(4,2) + 4
(4,13) + 5
(4,39) + 6
(5,0) + 0
(5,2) + 4
(5,16) + 5
(5,28) + 6
(5,49) + 7
(6,1) + 4
(6,17) + 5
(6,22) + 6
(6,45) + 7
(7,0) + 2
(7,1) + 4
(7,10) + 5
(7,27) + 6
(7,44) + 7
(8,1) + 3
(8,8) + 5
(8,32) + 7
(9,0) + 0
(9,1) + 2
(9,2) + 3
(9,4) + 4
(9,8) + 5
(9,26) + 6
(9,35) + 7
(10,0) + 1
(10,7) + 3
(10,9) + 5
(10,17) + 6
(10,29) + 7
(11,0) + 0
(11,1) + 1
(11,2) + 3
(11,16) + 6
(11,27) + 7
(12,0) + 2
(12,4) + 4
(12,14) + 6
(12,33) + 7
(13,0) + 0
(13,1) + 4
(13,10) + 5
(13,12) + 6
(13,26) + 7
(14,0) + 3
(14,13) + 6
(14,27) + 7
(14,49) + 8
(15,0) + 3
(15,4) + 4
(15,12) + 6
(15,28) + 7
(15,36) + 8
(16,3) + 3
(16,14) + 6
(16,20) + 7
(16,39) + 8
(17,0) + 0
(17,1) + 5
(17,15) + 6
(17,22) + 7
(17,33) + 8
(18,0) + 0
(18,1) + 2
(18,10) + 6
(18,26) + 7
(18,31) + 8
(19,0) + 5
(19,27) + 8
(20,1) + 5
(20,16) + 6
(20,17) + 7
(20,37) + 8
(20,45) + 9
(21,0) + 4
(21,6) + 6
(21,24) + 7
(21,38) + 9
(22,5) + 6
(22,14) + 7
(22,28) + 8
(22,45) + 9
(23,0) + 3
(23,2) + 5
(23,11) + 6
(23,13) + 7
(23,42) + 8
(23,55) + 9
(24,0) + 1
(24,1) + 3
(24,3) + 4
(24,14) + 5
(24,21) + 7
(24,22) + 8
(25,0) + 1
(25,2) + 5
(25,8) + 6
(25,12) + 7
(25,22) + 8
(25,31) + 9
(26,0) + 5
(26,13) + 7
(26,22) + 8
(26,34) + 9
(27,0) + 4
(27,1) + 5
(27,5) + 6
(27,14) + 7
(27,29) + 8
(27,30) + 9
(28,0) + 3
(28,5) + 5
(28,20) + 7
(28,24) + 8
(28,33) + 9
(29,1) + 4
(29,4) + 6
(29,14) + 7
(29,25) + 8
(29,59) + 9
(30,3) + 5
(30,8) + 6
(30,18) + 8
(30,37) + 9
(31,0) + 3
(31,7) + 5
(31,9) + 7
(31,32) + 8
(31,40) + 9
(32,0) + 5
(32,7) + 6
(32,9) + 7
(32,25) + 9
(33,0) + 4
(33,3) + 5
(33,7) + 6
(33,16) + 8
(33,25) + 9
(34,0) + 4
(34,2) + 6
(34,10) + 7
(34,15) + 8
(34,24) + 9
(35,0) + 5
(35,17) + 7
(35,21) + 8
(35,32) + 9
(36,3) + 6
(36,12) + 7
(36,16) + 8
(36,37) + 9
(37,1) + 3
(37,4) + 6
(37,15) + 7
(37,20) + 8
(38,0) + 4
(38,1) + 5
(38,13) + 6
(38,23) + 7
(38,28) + 9
(39,0) + 1
(39,1) + 2
(39,3) + 3
(39,4) + 4
(39,7) + 6
(39,9) + 7
(39,22) + 8
(39,27) + 9
(40,0) + 5
(40,11) + 7
(40,13) + 8
(40,27) + 9
(41,0) + 4
(41,1) + 5
(41,3) + 6
(41,28) + 9
(42,0) + 3
(42,4) + 4
(42,5) + 6
(42,16) + 7
(42,20) + 9
(43,0) + 5
(43,2) + 6
(43,8) + 7
(43,21) + 8
(43,24) + 9
(44,0) + 6
(44,5) + 7
(44,20) + 9
(45,0) + 3
(45,1) + 4
(45,2) + 5
(45,4) + 6
(45,13) + 7
(45,18) + 8
(45,20) + 9
(46,5) + 7
(46,22) + 8
(46,31) + 9
(47,0) + 3
(47,6) + 5
(47,7) + 6
(47,9) + 7
(47,16) + 8
(47,28) + 9
(48,0) + 0
(48,1) + 1
(48,2) + 6
(48,15) + 8
(48,24) + 9
(49,0) + 0
(49,2) + 6
(49,6) + 7
(49,15) + 8
(49,43) + 9
(50,0) + 4
(50,5) + 7
(50,20) + 9
(51,0) + 0
(51,1) + 4
(51,7) + 6
(51,8) + 7
(52,4) + 6
(52,7) + 7
(52,16) + 8
(52,26) + 9
(53,0) + 6
(53,12) + 7
(53,14) + 8
(53,20) + 9
(54,0) + 4
(54,1) + 5
(54,4) + 6
(54,9) + 7
(54,14) + 8
(54,21) + 9
(55,0) + 0
(55,1) + 3
(55,2) + 4
(55,3) + 6
(55,6) + 7
(55,20) + 8
(55,24) + 9
(56,7) + 7
(56,19) + 8
(56,22) + 9
(57,0) + 0
(57,1) + 1
(57,3) + 5
(57,5) + 6
(57,19) + 7
(57,24) + 8
(57,40) + 9
(58,1) + 1
(58,2) + 3
(58,3) + 4
(58,7) + 5
(58,11) + 7
(58,19) + 8
(58,43) + 9
(59,1) + 5
(59,2) + 6
(59,14) + 7
(59,21) + 8
(59,25) + 9
(60,0) + 6
(60,7) + 7
(60,31) + 9
(61,0) + 4
(61,4) + 5
(61,9) + 6
(61,26) + 7
(61,30) + 8
(61,37) + 9
(62,0) + 6
(62,19) + 7
(62,27) + 9
(63,5) + 6
(63,25) + 8
(63,27) + 9
(64,0) + 4
(64,1) + 5
(64,9) + 7
(64,27) + 8
(64,31) + 9
(65,1) + 6
(65,9) + 7
(65,18) + 8
(65,25) + 9
(66,0) + 2
(66,1) + 3
(66,5) + 4
(66,7) + 6
(66,19) + 8
(66,33) + 9
(67,0) + 4
(67,5) + 6
(67,30) + 9
(68,0) + 3
(68,3) + 5
(68,5) + 6
(68,19) + 8
(68,34) + 9
(69,0) + 5
(69,7) + 6
(69,12) + 7
(69,19) + 8
(69,33) + 9
(70,0) + 4
(70,5) + 6
(70,11) + 7
(70,22) + 8
(70,39) + 9
(71,0) + 3
(71,3) + 4
(71,10) + 6
(71,12) + 7
(71,40) + 9
(72,0) + 3
(72,1) + 4
(72,4) + 6
(72,16) + 7
(72,33) + 9
(73,0) + 1
(73,1) + 3
(73,16) + 7
(73,26) + 8
(73,36) + 9
(74,15) + 6
(74,18) + 7
(74,30) + 8
(74,46) + 9
(75,0) + 5
(75,7) + 6
(75,21) + 7
(75,30) + 8
(75,39) + 9
(76,0) + 2
(76,4) + 4
(76,8) + 6
(76,20) + 7
(76,32) + 8
(77,0) + 2
(77,5) + 5
(77,7) + 6
(77,22) + 7
(77,32) + 8
(78,0) + 0
(78,1) + 2
(78,4) + 4
(78,9) + 5
(78,11) + 6
(78,30) + 7
(78,33) + 8
(79,0) + 2
(79,8) + 4
(79,11) + 6
(79,18) + 7
(79,32) + 8
(80,0) + 1
(80,1) + 4
(80,2) + 5
(80,11) + 6
(80,22) + 7
(80,46) + 8
(81,0) + 0
(81,1) + 1
(81,2) + 4
(81,14) + 5
(81,16) + 6
(81,33) + 7
(81,34) + 8
(82,9) + 5
(82,18) + 6
(82,30) + 7
(82,40) + 8
(83,0) + 4
(83,5) + 5
(83,28) + 7
(83,40) + 8
(84,0) + 2
(84,4) + 4
(84,8) + 5
(84,34) + 6
(84,36) + 7
(84,47) + 8
(85,0) + 4
(85,10) + 5
(85,19) + 6
(85,26) + 7
(86,0) + 2
(86,9) + 5
(86,20) + 6
(86,30) + 7
(87,0) + 2
(87,7) + 4
(87,17) + 5
(87,32) + 6
(87,39) + 7
(88,0) + 0
(88,1) + 4
(88,12) + 5
(88,21) + 6
(88,37) + 7
(89,0) + 0
(89,1) + 4
(89,19) + 6
(89,40) + 7
(90,0) + 1
(90,2) + 4
(90,9) + 5
(90,23) + 6
(90,44) + 7
(91,0) + 2
(91,2) + 3
(91,12) + 4
(91,20) + 5
(91,36) + 6
(91,46) + 7
(92,0) + 1
(92,5) + 4
(92,11) + 5
(92,31) + 6
(93,13) + 5
(93,28) + 6
(94,3) + 4
(94,14) + 5
(94,48) + 6
(95,0) + 3
(95,7) + 4
(95,18) + 5
(95,31) + 6
(96,0) + 3
(96,8) + 4
(96,27) + 5
(96,36) + 6
(97,3) + 3
(97,6) + 4
(97,43) + 6
(98,0) + 2
(98,4) + 3
(98,12) + 4
(98,20) + 5
(98,44) + 6
(99,99) + 1
(99,98) + 2
(99,93) + 3
(99,83) + 4
(99,73) + 5
(99,57) + 6
(98,98) + 3
(98,85) + 4
(98,77) + 5
(98,61) + 6
(97,99) + 3
(97,89) + 4
(97,76) + 5
(97,57) + 6
(96,99) + 3
(96,94) + 4
(96,78) + 5
(96,68) + 6
(95,99) + 2
(95,98) + 3
(95,93) + 4
(95,78) + 5
(95,63) + 6
(94,99) + 1
(94,98) + 2
(94,94) + 3
(94,87) + 4
(94,77) + 5
(94,73) + 6
(93,97) + 3
(93,90) + 4
(93,83) + 5
(92,99) + 4
(92,87) + 5
(92,74) + 6
(92,55) + 7
(91,99) + 4
(91,89) + 5
(91,76) + 6
(91,51) + 7
(90,99) + 2
(90,97) + 4
(90,85) + 5
(90,68) + 6
(90,62) + 7
(89,99) + 2
(89,98) + 3
(89,90) + 5
(89,81) + 6
(89,45) + 7
(88,98) + 4
(88,86) + 5
(88,78) + 6
(88,68) + 7
(87,99) + 2
(87,98) + 4
(87,90) + 5
(87,65) + 7
(86,99) + 1
(86,97) + 3
(86,92) + 5
(86,82) + 6
(86,72) + 7
(85,99) + 4
(85,96) + 5
(85,85) + 6
(85,68) + 7
(84,99) + 2
(84,96) + 5
(84,86) + 6
(84,68) + 7
(84,52) + 8
(83,99) + 3
(83,87) + 6
(82,98) + 5
(82,89) + 6
(82,62) + 8
(81,99) + 0
(81,98) + 1
(81,97) + 3
(81,96) + 4
(81,94) + 5
(81,88) + 6
(81,73) + 7
(81,61) + 8
(80,99) + 2
(80,96) + 4
(80,94) + 5
(80,79) + 7
(80,61) + 8
(79,99) + 3
(79,98) + 5
(79,91) + 6
(79,75) + 7
(79,65) + 8
(78,99) + 5
(78,66) + 7
(78,58) + 8
(77,99) + 2
(77,97) + 5
(77,89) + 6
(77,70) + 8
(77,52) + 9
(76,99) + 3
(76,96) + 5
(76,87) + 6
(76,84) + 7
(76,72) + 8
(76,54) + 9
(75,99) + 0
(75,98) + 1
(75,97) + 5
(75,91) + 6
(75,82) + 7
(75,58) + 9
(74,99) + 3
(74,97) + 4
(74,96) + 5
(74,75) + 7
(74,74) + 8
(73,99) + 2
(73,98) + 5
(73,90) + 6
(73,78) + 7
(73,77) + 8
(73,67) + 9
(72,99) + 3
(72,96) + 4
(72,95) + 5
(72,85) + 7
(72,68) + 8
(72,67) + 9
(71,99) + 2
(71,96) + 5
(71,93) + 6
(71,82) + 7
(71,65) + 9
(70,99) + 5
(70,96) + 6
(70,85) + 7
(70,74) + 8
(70,67) + 9
(69,99) + 0
(69,98) + 1
(69,96) + 5
(69,77) + 7
(69,74) + 8
(69,45) + 9
(68,99) + 4
(68,97) + 6
(68,87) + 7
(68,81) + 8
(68,59) + 9
(67,98) + 4
(67,97) + 6
(67,90) + 7
(67,82) + 8
(67,54) + 9
(66,98) + 6
(66,83) + 7
(66,82) + 8
(66,71) + 9
(65,99) + 0
(65,98) + 2
(65,97) + 4
(65,96) + 6
(65,86) + 7
(64,99) + 5
(64,93) + 6
(64,91) + 7
(64,61) + 9
(63,99) + 1
(63,95) + 4
(63,90) + 5
(63,88) + 6
(63,82) + 7
(63,81) + 8
(63,73) + 9
(62,99) + 2
(62,98) + 4
(62,97) + 6
(62,92) + 7
(62,83) + 8
(62,74) + 9
(61,99) + 3
(61,97) + 4
(61,95) + 6
(61,85) + 7
(61,75) + 9
(60,94) + 6
(60,91) + 7
(60,83) + 8
(60,70) + 9
(59,99) + 2
(59,97) + 6
(59,85) + 8
(59,67) + 9
(58,99) + 1
(58,91) + 5
(58,86) + 6
(58,85) + 8
(58,71) + 9
(57,99) + 0
(57,98) + 1
(57,95) + 2
(57,91) + 3
(57,88) + 6
(57,83) + 7
(57,78) + 9
(56,99) + 4
(56,93) + 6
(56,92) + 7
(56,83) + 8
(56,76) + 9
(55,99) + 1
(55,98) + 3
(55,96) + 4
(55,95) + 5
(55,90) + 6
(55,88) + 7
(55,83) + 8
(55,69) + 9
(54,99) + 0
(54,97) + 2
(54,94) + 4
(54,93) + 6
(54,89) + 7
(54,78) + 9
(53,99) + 5
(53,79) + 8
(53,78) + 9
(52,99) + 3
(52,97) + 6
(52,94) + 7
(52,69) + 9
(51,99) + 2
(51,98) + 3
(51,97) + 4
(51,94) + 6
(51,81) + 8
(51,69) + 9
(50,99) + 4
(50,95) + 5
(50,94) + 7
(50,85) + 8
(50,68) + 9
(49,99) + 0
(49,97) + 6
(49,92) + 7
(49,81) + 8
(48,99) + 1
(48,97) + 3
(48,94) + 6
(48,93) + 7
(48,81) + 8
(47,99) + 0
(47,98) + 3
(47,96) + 4
(47,92) + 7
(47,77) + 9
(46,99) + 4
(46,97) + 6
(46,93) + 7
(46,79) + 9
(45,99) + 6
(45,92) + 7
(45,77) + 8
(45,68) + 9
(44,99) + 5
(44,92) + 6
(44,84) + 7
(44,82) + 8
(44,73) + 9
(43,99) + 2
(43,98) + 3
(43,97) + 4
(43,96) + 5
(43,86) + 7
(43,76) + 8
(43,65) + 9
(42,99) + 1
(42,98) + 6
(42,84) + 7
(42,83) + 8
(42,78) + 9
(41,99) + 3
(41,98) + 4
(41,95) + 5
(41,87) + 6
(41,85) + 7
(41,80) + 8
(41,78) + 9
(40,99) + 0
(40,98) + 4
(40,96) + 5
(40,84) + 7
(40,83) + 8
(40,65) + 9
(39,99) + 4
(39,98) + 5
(39,85) + 7
(39,80) + 8
(39,78) + 9
(38,99) + 3
(38,98) + 4
(38,89) + 6
(38,82) + 7
(38,80) + 8
(38,71) + 9
(37,99) + 2
(37,98) + 4
(37,89) + 6
(37,84) + 8
(37,67) + 9
(36,99) + 3
(36,96) + 6
(36,90) + 7
(36,69) + 8
(36,60) + 9
(35,99) + 0
(35,98) + 5
(35,92) + 6
(35,81) + 8
(35,73) + 9
(34,99) + 3
(34,98) + 5
(34,91) + 7
(34,82) + 8
(34,71) + 9
(33,91) + 7
(33,74) + 8
(33,64) + 9
(32,99) + 4
(32,98) + 6
(32,88) + 7
(32,81) + 8
(32,74) + 9
(31,99) + 1
(31,98) + 3
(31,97) + 4
(31,93) + 6
(31,89) + 7
(31,72) + 9
(30,99) + 2
(30,89) + 7
(30,72) + 8
(30,46) + 9
(29,99) + 3
(29,98) + 5
(29,94) + 6
(29,84) + 7
(29,77) + 8
(29,66) + 9
(28,99) + 3
(28,92) + 6
(28,88) + 7
(28,80) + 8
(28,60) + 9
(27,99) + 1
(27,98) + 3
(27,94) + 5
(27,90) + 6
(27,86) + 7
(27,71) + 8
(27,47) + 9
(26,99) + 3
(26,98) + 4
(26,95) + 5
(26,88) + 6
(26,79) + 7
(26,67) + 9
(25,99) + 5
(25,91) + 6
(25,71) + 8
(25,65) + 9
(24,99) + 3
(24,96) + 5
(24,76) + 7
(24,69) + 8
(24,57) + 9
(23,99) + 0
(23,97) + 1
(23,96) + 3
(23,93) + 6
(23,82) + 7
(23,75) + 8
(23,48) + 9
(22,86) + 6
(22,75) + 7
(22,64) + 8
(22,57) + 9
(21,99) + 2
(21,97) + 4
(21,85) + 6
(21,83) + 7
(21,66) + 8
(21,57) + 9
(20,99) + 1
(20,98) + 5
(20,85) + 6
(20,69) + 8
(19,99) + 5
(19,83) + 6
(19,70) + 7
(19,69) + 8
(18,99) + 2
(18,98) + 3
(18,95) + 5
(18,89) + 6
(18,79) + 7
(17,98) + 5
(17,88) + 6
(17,77) + 7
(17,66) + 8
(16,99) + 1
(16,96) + 4
(16,82) + 6
(16,65) + 8
(15,99) + 1
(15,98) + 4
(15,87) + 6
(15,77) + 7
(15,46) + 8
(14,99) + 0
(14,98) + 2
(14,97) + 3
(14,96) + 4
(14,95) + 5
(14,85) + 6
(14,76) + 7
(14,59) + 8
(13,99) + 1
(13,98) + 4
(13,86) + 6
(13,74) + 7
(12,97) + 4
(12,86) + 5
(12,81) + 6
(12,59) + 7
(11,99) + 0
(11,98) + 1
(11,97) + 3
(11,94) + 4
(11,92) + 5
(11,81) + 6
(11,65) + 7
(10,99) + 3
(10,89) + 5
(10,78) + 6
(10,68) + 7
(9,99) + 4
(9,91) + 5
(9,74) + 6
(9,56) + 7
(8,99) + 2
(8,98) + 4
(8,67) + 6
(8,47) + 7
(7,99) + 4
(7,78) + 6
(7,50) + 7
(6,99) + 3
(6,90) + 4
(6,82) + 5
(6,77) + 6
(6,55) + 7
(5,99) + 0
(5,97) + 2
(5,96) + 3
(5,95) + 4
(5,81) + 5
(5,70) + 6
(4,99) + 0
(4,98) + 2
(4,95) + 3
(4,82) + 4
(4,76) + 5
(4,63) + 6
(3,99) + 2
(3,96) + 4
(3,82) + 5
(3,65) + 6
(2,99) + 2
(2,98) + 3
(2,93) + 4
(2,82) + 5
(2,34) + 6
(1,99) + 3
(1,80) + 5
(1,55) + 6
